7801315076
7708397130
7811632684
2463237628
2453021316
4725484317
5905290496
9731009460
7705953478
7805625142
644802061247
910409185721
665894261142
665800326446
331104157894
780514548370
780624868870
503008327705
702100223973
141901222947
143103168721
142402274187
140400440477
143523720504
141000249862
143512701059
141900506745
140400441745
141002056305
142400818579
140701428459
141001719662
031202524463
032621201707
143518932510
141902130865
141900002716
141902432030
143100585653
141902060960
140400496303
143102411444
143103484406
143515033995
263519572337
301600850264
301608315318